({'encodings': [array([-0.06226973,  0.15136229,  0.09495281, -0.02729218, -0.09390733,
        0.0219781 , -0.12449956,  0.03242275,  0.15841606, -0.09384939,
        0.17927237,  0.01176698, -0.14069359, -0.00766437, -0.0101525 ,
        0.09423374, -0.07211928, -0.11935865, -0.1120363 , -0.12748951,
       -0.0059876 ,  0.03863733, -0.02745148,  0.0071541 , -0.2242015 ,
       -0.38912284, -0.07566062, -0.11726022,  0.08989469, -0.13628268,
       -0.07143313, -0.00905444, -0.18711339, -0.06935558,  0.03836259,
        0.05185475,  0.01578427,  0.01532174,  0.11899809,  0.03628833,
       -0.15835366,  0.09496529,  0.08740812,  0.29846531,  0.16740012,
        0.11897615,  0.04090979, -0.05013696,  0.12520587, -0.17488569,
        0.13673164,  0.11559182,  0.11108027,  0.11051222,  0.13734069,
       -0.12015698,  0.04337169,  0.09256647, -0.20508605,  0.10362808,
        0.03244164,  0.03064668, -0.05973982, -0.00737796,  0.18695413,
        0.07103407, -0.0776529 , -0.14318301,  0.09579819, -0.16136426,
        0.04165791,  0.09294595, -0.05750076, -0.14521304, -0.22623201,
        0.12312747,  0.45702884,  0.22021087, -0.17236754,  0.06137747,
       -0.04758682, -0.11606599,  0.04880593,  0.0058981 , -0.13397896,
       -0.00071582, -0.02221404,  0.1144918 ,  0.20576571,  0.05136676,
        0.03285636,  0.17968917,  0.0103658 ,  0.02448696, -0.01167725,
        0.06587952, -0.2323495 , -0.00534931, -0.07315375, -0.07443827,
        0.08039054, -0.05388454, -0.00143054,  0.07664888, -0.25393519,
        0.19545253, -0.00685127, -0.04225339,  0.01575742,  0.16192561,
       -0.07846093, -0.07168943,  0.14739741, -0.25743249,  0.15532692,
        0.19117722,  0.03802393,  0.12399371,  0.10013661,  0.01368976,
        0.05711806, -0.00533513, -0.11823807, -0.10653015,  0.01434377,
       -0.10386267,  0.05530397,  0.03031387]), array([-0.06223102,  0.12290464,  0.05787534, -0.06922414, -0.07700274,
        0.01490322, -0.10678478,  0.03824909,  0.15105578, -0.10341316,
        0.16884373, -0.00951597, -0.16960683, -0.00586476, -0.04014775,
        0.10483645, -0.0611231 , -0.12424786, -0.11510633, -0.12353308,
       -0.00992072,  0.05169459, -0.05914291,  0.05462106, -0.1906013 ,
       -0.3646704 , -0.0651544 , -0.11250135,  0.06398404, -0.1485946 ,
       -0.0752643 ,  0.04959659, -0.18816654, -0.05854838,  0.03239274,
        0.04796324,  0.01244388,  0.03181277,  0.13725385,  0.0507375 ,
       -0.15865195,  0.07376927,  0.09538333,  0.31674317,  0.15528549,
        0.10533193,  0.05997216, -0.07390349,  0.13346381, -0.19128525,
        0.16775808,  0.1088645 ,  0.09288672,  0.09468661,  0.1360548 ,
       -0.13508464,  0.00709759,  0.08774358, -0.16615757,  0.1411441 ,
        0.02893444,  0.02029049, -0.06068563, -0.01013725,  0.18940622,
        0.05978473, -0.07502963, -0.1466589 ,  0.12665533, -0.17483066,
        0.03910957,  0.12760702, -0.03815338, -0.1315091 , -0.21756016,
        0.13337496,  0.45594037,  0.20464152, -0.15663488,  0.07496163,
       -0.05554428, -0.14620467,  0.09085345,  0.01827498, -0.12954132,
        0.00066686, -0.03133316,  0.1301063 ,  0.24835621,  0.05748904,
        0.02415207,  0.18645562,  0.01732613,  0.0083586 ,  0.00274377,
        0.0812754 , -0.22394924, -0.02180117, -0.08573624, -0.08192584,
        0.09281804, -0.04932111, -0.02079179,  0.08782648, -0.21453336,
        0.16842352, -0.01592558, -0.04094069,  0.00916946,  0.15748394,
       -0.09020323, -0.09685975,  0.13633375, -0.2202777 ,  0.1203927 ,
        0.12858643,  0.0506421 ,  0.10222574,  0.10290935,  0.03184979,
        0.07031634, -0.05020644, -0.1162199 , -0.08681861,  0.07093684,
       -0.05329579,  0.07098494,  0.0154812 ]), array([-4.09289934e-02,  1.41807154e-01,  8.32465142e-02, -3.73569801e-02,
       -7.92254731e-02,  7.46844150e-03, -1.40301526e-01,  4.80844714e-02,
        1.45385578e-01, -9.05684158e-02,  1.99017301e-01, -1.87495761e-02,
       -1.31781593e-01,  2.18694415e-02, -5.00239953e-02,  9.09208059e-02,
       -7.04189092e-02, -1.17589295e-01, -9.11598355e-02, -1.15999199e-01,
       -9.16325580e-03,  1.54853938e-02, -6.98325112e-02,  4.74614650e-02,
       -2.05702305e-01, -3.65253359e-01, -6.30712286e-02, -1.12983108e-01,
        6.99931011e-02, -1.76212743e-01, -5.93834892e-02,  2.70581190e-02,
       -1.92038015e-01, -5.86312339e-02,  1.03769600e-02,  3.70137990e-02,
        1.66097712e-02,  1.69553347e-02,  1.23624921e-01,  5.34536019e-02,
       -1.43693417e-01,  9.61210802e-02,  5.88182136e-02,  3.42958450e-01,
        1.55981541e-01,  9.00925100e-02,  6.20821416e-02, -4.29136939e-02,
        1.36407346e-01, -2.03865990e-01,  1.40479445e-01,  1.23948708e-01,
        1.22042246e-01,  9.89062414e-02,  1.20461717e-01, -1.06048733e-01,
        2.70370822e-02,  1.22718483e-01, -1.76118776e-01,  1.40837446e-01,
        3.99000980e-02,  6.18875250e-02, -1.80539694e-02, -1.86816417e-02,
        2.05281153e-01,  6.07166141e-02, -8.47327262e-02, -1.25852540e-01,
        7.43164867e-02, -1.46571785e-01,  2.84463372e-02,  9.31407660e-02,
       -5.81250601e-02, -1.61328822e-01, -2.40189493e-01,  1.57571912e-01,
        4.47015196e-01,  2.09022865e-01, -1.62509382e-01,  7.89958835e-02,
       -5.79002909e-02, -1.31798148e-01,  5.23065776e-02, -3.37021193e-03,
       -1.40835956e-01,  4.29535285e-04, -2.78510675e-02,  1.23670056e-01,
        2.43218035e-01,  6.42480850e-02,  2.22105850e-02,  1.61677867e-01,
       -1.73598155e-02, -5.24491817e-03, -2.39763595e-02,  6.14622645e-02,
       -2.30660111e-01, -2.93825194e-03, -7.25280568e-02, -6.04430251e-02,
        4.78459895e-02, -4.35749739e-02, -3.30618881e-02,  8.83529484e-02,
       -2.50825763e-01,  1.81638092e-01, -2.12892871e-02, -4.56703305e-02,
       -3.81786749e-03,  1.70863792e-01, -1.03092544e-01, -7.63284042e-02,
        1.49620891e-01, -2.44398728e-01,  1.28247410e-01,  1.59410313e-01,
        9.06051397e-02,  1.02748334e-01,  1.08466029e-01, -8.25366005e-03,
        6.64894655e-02, -9.48158652e-03, -1.06010810e-01, -8.42992812e-02,
        4.93234284e-02, -7.87064806e-02,  4.92994450e-02,  1.16036488e-02]), array([-0.0340171 ,  0.11871949,  0.08158389, -0.05513397, -0.06319005,
       -0.01365963, -0.15117453,  0.04975522,  0.14473394, -0.09040378,
        0.15441848, -0.01584947, -0.1549565 ,  0.00076173, -0.03234063,
        0.10613833, -0.03955211, -0.12189241, -0.1350527 , -0.14443114,
       -0.01518141,  0.03703869, -0.04924324,  0.03702628, -0.21147555,
       -0.35449058, -0.06900892, -0.10848238,  0.07751676, -0.16188578,
       -0.07169617,  0.02471244, -0.19486333, -0.06572591,  0.01882847,
        0.03333884,  0.02684568, -0.00222599,  0.13588643,  0.06427976,
       -0.16099916,  0.07593241,  0.08100303,  0.29657021,  0.17097569,
        0.09858215,  0.06829087, -0.03763315,  0.12914115, -0.1869705 ,
        0.13998458,  0.11458749,  0.10404731,  0.1130309 ,  0.14725414,
       -0.1303008 ,  0.05041739,  0.11470115, -0.18605559,  0.11588576,
        0.0123232 ,  0.03640499, -0.06952552,  0.007441  ,  0.17555733,
        0.06401581, -0.05958316, -0.1352376 ,  0.12902687, -0.15585873,
        0.04079475,  0.10922135, -0.04780509, -0.13407116, -0.23489824,
        0.12665364,  0.43297857,  0.22246891, -0.19328228,  0.09256342,
       -0.02680886, -0.12312494,  0.07605761, -0.00194444, -0.13510333,
        0.01419335, -0.02383633,  0.11087942,  0.21686953,  0.07020833,
        0.02582631,  0.1550156 ,  0.02268966,  0.00149792,  0.00636645,
        0.07397503, -0.22907922, -0.02846616, -0.08338502, -0.08140114,
        0.10801437, -0.02770353, -0.02984756,  0.07648872, -0.22215439,
        0.19674706, -0.00073666, -0.06408213, -0.01823332,  0.17526326,
       -0.05836331, -0.07189328,  0.1355087 , -0.21935718,  0.11938722,
        0.1668337 ,  0.03706087,  0.10643515,  0.09507047,  0.02242922,
        0.06143365, -0.01938386, -0.10715383, -0.12381642,  0.03583227,
       -0.06676781,  0.06260377,  0.02993385]), array([-3.08506954e-02,  1.14059463e-01,  7.95304030e-02, -4.97923866e-02,
       -3.92443351e-02, -9.65914689e-03, -1.54015154e-01,  2.92154383e-02,
        1.37540832e-01, -9.58636329e-02,  1.65053710e-01, -1.37610780e-02,
       -1.69162989e-01, -2.03104001e-02, -4.99103144e-02,  1.00807086e-01,
       -1.81672052e-02, -1.31971806e-01, -1.42049909e-01, -1.50315404e-01,
       -7.19387643e-03,  4.18891236e-02, -3.57239954e-02,  4.40144800e-02,
       -2.15492070e-01, -3.45099002e-01, -8.31140056e-02, -1.12225793e-01,
        5.00040986e-02, -1.64816961e-01, -7.83390701e-02,  1.50302425e-02,
       -1.94027886e-01, -6.31120503e-02,  1.20497681e-02,  3.77693474e-02,
        3.01936548e-02, -4.45877202e-04,  1.28613323e-01,  6.68448135e-02,
       -1.55514210e-01,  7.32994080e-02,  8.29916224e-02,  3.03664982e-01,
        1.69921458e-01,  9.49703380e-02,  5.96513972e-02, -2.51562893e-02,
        1.19320028e-01, -1.91269442e-01,  1.48211882e-01,  1.21748060e-01,
        1.06705509e-01,  1.13737568e-01,  1.44994020e-01, -1.13955081e-01,
        4.69358191e-02,  1.19344875e-01, -1.72285348e-01,  1.17584422e-01,
        1.52026368e-02,  2.28232350e-02, -7.07055852e-02,  1.19486218e-02,
        1.70337990e-01,  7.59013593e-02, -7.13243783e-02, -1.35146052e-01,
        1.25046656e-01, -1.62816390e-01,  3.39083225e-02,  1.07314840e-01,
       -5.75973801e-02, -1.28861785e-01, -2.42993116e-01,  1.31629586e-01,
        4.48818237e-01,  2.16682345e-01, -1.89265281e-01,  8.97828117e-02,
       -4.48688529e-02, -1.07112333e-01,  6.78820983e-02, -1.69460922e-02,
       -1.31262958e-01,  1.91349797e-02, -4.39782888e-02,  1.06650352e-01,
        2.19026640e-01,  7.43836090e-02,  1.12049980e-02,  1.56598598e-01,
        1.10260202e-02,  3.13519500e-03,  2.26298478e-02,  8.84776562e-02,
       -2.26664096e-01, -3.51927914e-02, -8.19432884e-02, -6.56188056e-02,
        9.41312313e-02, -3.52826752e-02, -3.64876017e-02,  6.63926750e-02,
       -2.03247219e-01,  1.94055855e-01,  1.31472852e-03, -5.99813946e-02,
       -1.52132185e-02,  1.80457741e-01, -7.73929879e-02, -7.79859051e-02,
        1.32673949e-01, -2.20314816e-01,  1.13899186e-01,  1.56392917e-01,
        5.00117913e-02,  1.02249548e-01,  1.03723124e-01,  3.48768681e-02,
        4.92948070e-02, -2.23467462e-02, -1.05308376e-01, -1.38517365e-01,
        3.31593156e-02, -5.88547289e-02,  6.89247400e-02,  3.08686811e-02]), array([-0.03674209,  0.12449234,  0.08328775, -0.04993505, -0.06372032,
        0.0054934 , -0.14620191,  0.04500231,  0.13520887, -0.1017428 ,
        0.1604542 , -0.00701137, -0.15775371, -0.0031674 , -0.0302316 ,
        0.1059736 , -0.03686853, -0.13029169, -0.12865913, -0.14771597,
       -0.0166801 ,  0.04384551, -0.05692879,  0.034819  , -0.20337567,
       -0.36077639, -0.06833097, -0.09337379,  0.07399417, -0.15239662,
       -0.06908288,  0.0239565 , -0.1876266 , -0.05298952,  0.02500181,
        0.04526389,  0.03189178, -0.00576478,  0.12199448,  0.05282598,
       -0.15713456,  0.07085278,  0.08934665,  0.29155016,  0.16721985,
        0.09034289,  0.06049711, -0.03038817,  0.11763147, -0.18877703,
        0.1418087 ,  0.11150023,  0.10370178,  0.11123235,  0.14743744,
       -0.12652837,  0.02639081,  0.12011331, -0.17036359,  0.11383979,
        0.00101929,  0.03641812, -0.07336413, -0.01033812,  0.16695245,
        0.07204226, -0.07212985, -0.15034278,  0.12872934, -0.15816797,
        0.03115495,  0.11492272, -0.04977031, -0.13143015, -0.22738601,
        0.13832204,  0.43712229,  0.21996073, -0.18141532,  0.07654867,
       -0.01880731, -0.12121008,  0.06935402, -0.00119104, -0.12196572,
       -0.00551277, -0.01885241,  0.11705875,  0.21913147,  0.07914156,
        0.00884028,  0.15362783,  0.00490878,  0.00820738, -0.00556358,
        0.09029112, -0.21403678, -0.01357585, -0.08059254, -0.07322372,
        0.10819545, -0.0296355 , -0.03036094,  0.08813692, -0.20908755,
        0.18440673, -0.00800932, -0.04754205,  0.00505326,  0.18246371,
       -0.074003  , -0.06917986,  0.13769539, -0.22909564,  0.12325798,
        0.16891925,  0.03391257,  0.0979742 ,  0.09809504,  0.02326135,
        0.07907009, -0.03549731, -0.12062793, -0.12802704,  0.03146727,
       -0.07680958,  0.04641201,  0.02566225]), array([-0.06528397,  0.11789214,  0.07995518, -0.05738238, -0.07951288,
       -0.02972085, -0.11477985,  0.04815446,  0.12268692, -0.0886448 ,
        0.16744947, -0.03974126, -0.1406495 , -0.01654813, -0.04845819,
        0.10742559, -0.04556374, -0.12592635, -0.13134715, -0.10116958,
       -0.01776162,  0.02581344, -0.05025106,  0.05203772, -0.1971705 ,
       -0.35595551, -0.06259952, -0.09703029,  0.09862073, -0.15149871,
       -0.08468691,  0.04478339, -0.18269201, -0.05959297,  0.03164285,
        0.06104902,  0.01224687,  0.00083607,  0.14281636,  0.04937544,
       -0.18812776,  0.0652208 ,  0.09232435,  0.31717199,  0.1799119 ,
        0.11164287,  0.0666459 , -0.06447877,  0.12826726, -0.19445807,
        0.15966898,  0.10780257,  0.10170306,  0.08864708,  0.13894884,
       -0.11576647,  0.02400689,  0.10028906, -0.19735584,  0.10991098,
        0.02977762,  0.03902255, -0.06196274, -0.03966307,  0.19438733,
        0.06487387, -0.09180085, -0.13218331,  0.13176234, -0.19086915,
        0.05098901,  0.13444741, -0.01926769, -0.1256721 , -0.23059727,
        0.12346657,  0.44116727,  0.21900705, -0.13984495,  0.07855016,
       -0.04184406, -0.15939003,  0.05771628,  0.02397808, -0.14900212,
        0.01584256, -0.01802826,  0.11187752,  0.23361751,  0.06034687,
        0.04126072,  0.16030087,  0.01548345, -0.01907713, -0.02253634,
        0.06538296, -0.23067807, -0.01117889, -0.05806576, -0.0719882 ,
        0.1004838 , -0.05235498, -0.01101905,  0.08256565, -0.22297022,
        0.1731115 , -0.02047598, -0.0478372 ,  0.01583461,  0.13615973,
       -0.07776602, -0.08801133,  0.12720147, -0.23390414,  0.1061601 ,
        0.1377096 ,  0.06609667,  0.08718644,  0.11826793,  0.02298462,
        0.08080316, -0.03425746, -0.10442945, -0.09146856,  0.06347321,
       -0.08910295,  0.08583917,  0.02184214]), array([-0.07719065,  0.11945942,  0.0576623 , -0.0734966 , -0.06996201,
        0.01605938, -0.10202217,  0.04660343,  0.1456013 , -0.09900351,
        0.19285788, -0.02143356, -0.17855833, -0.02804938, -0.05038145,
        0.10480612, -0.05827952, -0.12575635, -0.11412758, -0.13373062,
        0.00433023,  0.04216263, -0.05524756,  0.05607992, -0.20284031,
       -0.37199813, -0.05908842, -0.13073732,  0.06886519, -0.17347586,
       -0.07412133,  0.04458904, -0.18417573, -0.04827288,  0.01397861,
        0.05467386,  0.02182867,  0.01894612,  0.15408555,  0.05259995,
       -0.16740251,  0.08028828,  0.10866256,  0.31911913,  0.16341846,
        0.09196824,  0.05519815, -0.06241699,  0.14051946, -0.20426336,
        0.17497823,  0.11852762,  0.09840158,  0.08624506,  0.14441538,
       -0.12659702, -0.00549729,  0.09709945, -0.17378511,  0.13333425,
        0.02792818,  0.04200728, -0.07104068, -0.02007616,  0.17640603,
        0.07114923, -0.08828507, -0.13843383,  0.12311568, -0.1835283 ,
        0.03915173,  0.13808909, -0.04883066, -0.13830787, -0.22152941,
        0.15586466,  0.46164364,  0.21524009, -0.14726493,  0.07619843,
       -0.05435873, -0.15496098,  0.08841615,  0.01978244, -0.12725702,
       -0.00286641, -0.03019382,  0.13097061,  0.23439485,  0.06979883,
        0.0260182 ,  0.18517759,  0.01745414,  0.0139688 , -0.00979246,
        0.08220442, -0.23035039, -0.02718733, -0.08390578, -0.07620607,
        0.07857844, -0.04585863, -0.02785207,  0.08288858, -0.21227068,
        0.15487844, -0.01309099, -0.05175561,  0.00438356,  0.15663926,
       -0.08051442, -0.08890092,  0.12429915, -0.22379933,  0.10700764,
        0.13231947,  0.06360387,  0.09739912,  0.12478351,  0.02161277,
        0.08286731, -0.04995361, -0.12494329, -0.082333  ,  0.06647815,
       -0.05912427,  0.06561176,  0.00621583]), array([-0.06920477,  0.12958506,  0.06477791, -0.07516532, -0.08490714,
        0.01750897, -0.10541521,  0.05364634,  0.14458147, -0.1061864 ,
        0.17829658, -0.01601469, -0.1661461 , -0.02188947, -0.03931608,
        0.11000033, -0.05566975, -0.12189814, -0.11154008, -0.13113487,
        0.00232588,  0.05111066, -0.0565544 ,  0.05608629, -0.2002458 ,
       -0.36864853, -0.06113454, -0.11835143,  0.08267231, -0.15242979,
       -0.08086814,  0.04428257, -0.17886189, -0.04982286,  0.02075256,
        0.05403796,  0.02122058,  0.02418241,  0.13786292,  0.0477805 ,
       -0.16224454,  0.07624823,  0.09869799,  0.31018728,  0.16251352,
        0.10431541,  0.06674034, -0.0690613 ,  0.1462651 , -0.19603866,
        0.1752965 ,  0.10229904,  0.09597044,  0.0909235 ,  0.1473757 ,
       -0.13491628,  0.00401532,  0.10154538, -0.17672142,  0.13802458,
        0.01317342,  0.03516687, -0.06738828, -0.0223603 ,  0.17917007,
        0.06304686, -0.07535937, -0.14760895,  0.13196482, -0.18109174,
        0.04317678,  0.14874436, -0.04093428, -0.12647814, -0.21960258,
        0.14147604,  0.45779645,  0.21933648, -0.14820832,  0.07003795,
       -0.04230193, -0.14990935,  0.09290668,  0.01536082, -0.13018981,
       -0.01261324, -0.03288066,  0.13009903,  0.24044852,  0.05790778,
        0.02678714,  0.18713909,  0.02465671,  0.02015454, -0.01457473,
        0.08268262, -0.22785394, -0.01670718, -0.07084402, -0.07965834,
        0.09540719, -0.05110078, -0.02654414,  0.08103111, -0.219329  ,
        0.16523759, -0.02046004, -0.03869924,  0.00420207,  0.15276012,
       -0.08293991, -0.07980495,  0.13513082, -0.22244388,  0.1114071 ,
        0.13749191,  0.04883425,  0.10140826,  0.11122043,  0.02361425,
        0.07835867, -0.06497242, -0.12199984, -0.08381321,  0.07305779,
       -0.07510809,  0.06707506,  0.01516164]), array([-7.91928545e-02,  1.19474888e-01,  5.81473149e-02, -7.18770996e-02,
       -6.92093447e-02,  7.61537580e-03, -1.03405796e-01,  3.95447128e-02,
        1.45238295e-01, -1.05302081e-01,  1.65871978e-01, -2.19837762e-02,
       -1.72480747e-01, -6.63924776e-03, -3.53012905e-02,  1.06336594e-01,
       -5.18189780e-02, -1.37690529e-01, -1.25660211e-01, -1.37020499e-01,
        5.66909695e-03,  4.43620645e-02, -5.94006814e-02,  5.41385114e-02,
       -1.97128594e-01, -3.61523986e-01, -5.90761825e-02, -1.15932450e-01,
        6.96486831e-02, -1.52184412e-01, -5.75524643e-02,  3.60177606e-02,
       -1.93446830e-01, -3.98366004e-02,  2.20445544e-02,  4.38481644e-02,
        3.32178473e-02,  1.65278856e-02,  1.51875466e-01,  3.38728838e-02,
       -1.64638415e-01,  7.00407103e-02,  1.05618253e-01,  2.98466861e-01,
        1.47469744e-01,  8.44699517e-02,  6.35505021e-02, -7.21186772e-02,
        1.34834036e-01, -1.91669583e-01,  1.60997897e-01,  1.08391859e-01,
        9.24032182e-02,  8.94716159e-02,  1.42168522e-01, -1.32837117e-01,
        9.89298522e-03,  9.68824551e-02, -1.67387396e-01,  1.39780626e-01,
        2.24640947e-02,  3.32474336e-02, -8.56100395e-02, -1.79906227e-02,
        1.81012243e-01,  6.43330514e-02, -7.82796890e-02, -1.50423869e-01,
        1.28795162e-01, -1.71720788e-01,  4.15015370e-02,  1.37635320e-01,
       -4.73048538e-02, -1.29918247e-01, -2.21751720e-01,  1.33105859e-01,
        4.55300063e-01,  1.99823290e-01, -1.62998989e-01,  8.47520530e-02,
       -4.46897596e-02, -1.33863285e-01,  8.88923183e-02,  1.51844304e-02,
       -1.38004631e-01,  3.47636454e-03, -2.88592931e-02,  1.45331487e-01,
        2.44415700e-01,  6.84110969e-02,  1.94208082e-02,  1.76830873e-01,
        2.30217315e-02,  1.05912630e-02, -8.35013390e-03,  8.40172619e-02,
       -2.12282598e-01, -3.83342057e-02, -8.15875456e-02, -7.68729299e-02,
        1.04228631e-01, -3.39774936e-02, -2.76819877e-02,  8.80674571e-02,
       -2.14036018e-01,  1.58915713e-01, -1.55869564e-02, -4.69391011e-02,
        3.39129008e-04,  1.65867925e-01, -7.63725638e-02, -8.20571259e-02,
        1.24622501e-01, -2.13320836e-01,  1.10640354e-01,  1.33136213e-01,
        4.51317988e-02,  9.32182223e-02,  1.01538934e-01,  2.45831236e-02,
        7.66514987e-02, -4.00029197e-02, -1.26746207e-01, -8.52379799e-02,
        6.99312389e-02, -5.41286096e-02,  6.75620362e-02,  1.53736258e-02]), array([-0.13116182,  0.13373753,  0.10605024, -0.00054365, -0.02209619,
       -0.03247147, -0.03533778, -0.00623535,  0.14665653,  0.02423262,
        0.23670673,  0.04315395, -0.16335192, -0.08376998, -0.08010195,
        0.06168811, -0.0856357 , -0.09554914, -0.10886823, -0.02925951,
        0.01928363,  0.08203955,  0.04410588,  0.0265632 , -0.17071   ,
       -0.31402573, -0.06269255, -0.18042928,  0.01213609, -0.13928023,
       -0.03587867, -0.02034039, -0.18115647, -0.0690048 , -0.03883452,
        0.04047794, -0.01529665,  0.01055057,  0.18038778,  0.05770687,
       -0.17769027,  0.0774929 ,  0.06906271,  0.29530385,  0.20749131,
        0.02442317,  0.01488044, -0.07784654,  0.07238285, -0.20084667,
        0.14411339,  0.13709381,  0.11585936,  0.05450903,  0.15422031,
       -0.17413317, -0.02092203,  0.03483818, -0.17592177,  0.08450691,
       -0.00066556,  0.09605238, -0.02925096, -0.00908777,  0.1185609 ,
        0.07613233, -0.06930636, -0.10777986,  0.12495876, -0.16065581,
        0.03865752,  0.1550125 , -0.08249389, -0.20970997, -0.22536349,
        0.13994148,  0.40743625,  0.14198542, -0.1836791 ,  0.0643874 ,
       -0.1130157 , -0.11367279,  0.0324036 , -0.02541327, -0.10432545,
        0.05098467, -0.10818176,  0.05192667,  0.14756629,  0.03679693,
       -0.00231368,  0.18885902,  0.01228124, -0.02676616,  0.08002736,
        0.04698966, -0.13460416,  0.03289003, -0.1511559 , -0.01287272,
        0.03794528, -0.11631924, -0.03564388,  0.01388077, -0.16384034,
        0.07932284,  0.06763307, -0.07984904, -0.03644427,  0.07136483,
       -0.15054487, -0.05034345,  0.18720992, -0.22591683,  0.22506596,
        0.09396113,  0.01211174,  0.13589412,  0.1284574 ,  0.06827822,
       -0.01296881,  0.00145057, -0.06064627, -0.04147925,  0.03351469,
       -0.04875848,  0.0776628 ,  0.04552495]), array([-9.00170505e-02,  7.77072981e-02,  7.22060949e-02,  3.73796001e-02,
        7.73312431e-03, -1.76238213e-02, -2.95170881e-02, -4.36226651e-02,
        1.60738423e-01, -7.21232221e-02,  2.36880735e-01,  2.69684717e-02,
       -1.64482206e-01, -1.61701337e-01,  2.47634370e-02,  7.42052719e-02,
       -1.22715242e-01, -1.38842985e-01, -1.13068990e-01, -1.39709070e-01,
       -3.42000984e-02,  6.71755001e-02,  6.38605952e-02, -3.03894039e-02,
       -1.29278138e-01, -3.75944883e-01, -5.51959574e-02, -1.83872461e-01,
        2.53984928e-02, -7.96533898e-02, -3.13398205e-02,  4.26113978e-02,
       -2.09851250e-01, -5.79456240e-02, -1.77669562e-02,  1.89563651e-02,
        2.97547169e-02,  5.50597906e-04,  1.59815252e-01,  6.88616335e-02,
       -1.13962881e-01,  1.60638280e-02,  3.52719165e-02,  2.64191985e-01,
        1.75804719e-01,  4.15199138e-02, -4.17957827e-02, -1.40348673e-02,
        6.04664423e-02, -1.52147353e-01,  1.12281621e-01,  1.26510397e-01,
        1.30457968e-01,  3.55457664e-02,  1.35045901e-01, -1.28442377e-01,
        1.32171437e-04, -6.91307932e-02, -1.40806571e-01,  1.12290378e-03,
        1.40071753e-03, -2.84145270e-02, -6.71866387e-02, -2.45220568e-02,
        2.26231873e-01,  1.04083709e-01,  5.98091958e-03, -1.37002081e-01,
        1.48563236e-01, -1.27410978e-01, -1.31882476e-02,  8.26840624e-02,
       -1.11315757e-01, -1.06669389e-01, -2.10202739e-01,  1.13327444e-01,
        3.72501045e-01,  1.29754186e-01, -1.90354049e-01,  7.82642290e-02,
       -1.19132072e-01, -7.94408321e-02,  6.35244846e-02,  2.72781812e-02,
       -7.04453066e-02,  4.61867489e-02, -8.53839219e-02,  1.80426557e-02,
        1.40799373e-01,  8.91917013e-03, -9.08199251e-02,  1.51922792e-01,
       -3.69580016e-02,  1.05923619e-02,  1.01907358e-01, -1.19225800e-01,
       -8.27243552e-02,  4.78358753e-03, -1.45925343e-01, -7.40672648e-02,
        4.51825559e-02, -5.74111193e-02, -3.15800905e-02,  2.54985280e-02,
       -1.33814842e-01,  4.13630567e-02,  3.68065946e-02, -7.24784136e-02,
        2.51525939e-02,  8.57705548e-02, -1.04920432e-01, -9.42354128e-02,
        1.13924965e-01, -2.33819976e-01,  2.20656306e-01,  8.73657167e-02,
        3.93285528e-02,  1.75897509e-01,  6.00637868e-02,  1.08060777e-01,
       -4.44704369e-02,  3.41158360e-02, -9.85828117e-02, -7.13010207e-02,
        4.11335565e-02,  1.65991224e-02,  6.25257194e-02,  4.67222482e-02]), array([-0.108242  ,  0.0995606 ,  0.05821964,  0.03442445, -0.00964235,
       -0.00595891, -0.01807164, -0.0489548 ,  0.17356519, -0.04299761,
        0.25739536,  0.01492343, -0.18666351, -0.1551193 , -0.01600793,
        0.06550337, -0.12047081, -0.14313185, -0.08735667, -0.12213209,
       -0.00433185,  0.03155852,  0.06211421, -0.02283742, -0.16829543,
       -0.37470922, -0.06845575, -0.18103971,  0.0393512 , -0.11780695,
       -0.02049787,  0.05553802, -0.18915319, -0.06994157, -0.02211673,
       -0.00752811,  0.0229345 , -0.00100518,  0.18738274,  0.0609588 ,
       -0.13575311,  0.01306707,  0.0786524 ,  0.25657582,  0.16036849,
        0.05129157, -0.018277  , -0.0516881 ,  0.03946134, -0.11622299,
        0.0876625 ,  0.15303406,  0.14060427,  0.04019267,  0.14373018,
       -0.14062071,  0.00309567, -0.06148979, -0.15318938,  0.0190957 ,
        0.01882067,  0.00663486, -0.05330708, -0.01079261,  0.19930886,
        0.07677961, -0.00977843, -0.14688286,  0.16566613, -0.1255118 ,
       -0.01288944,  0.12906376, -0.08833885, -0.13800706, -0.20116739,
        0.10033789,  0.38934791,  0.12689763, -0.16591384,  0.06864553,
       -0.12894413, -0.11972409,  0.04941116,  0.01548786, -0.10674082,
        0.01350084, -0.09207742,  0.00067607,  0.1366298 ,  0.04841693,
       -0.07024395,  0.14012444, -0.01492971,  0.00443978,  0.09082177,
       -0.04895844, -0.13605779,  0.04434992, -0.11748312, -0.06598406,
        0.03981367, -0.08545588, -0.02124047,  0.03875581, -0.13847275,
        0.04121513,  0.03805473, -0.07423327,  0.00353582,  0.10173479,
       -0.1075637 , -0.07408679,  0.10657628, -0.27966946,  0.20161983,
        0.0920947 ,  0.03591465,  0.14961745,  0.09482902,  0.10388453,
       -0.029845  ,  0.01939234, -0.09831012, -0.07669929,  0.01972198,
       -0.0349507 ,  0.06039491,  0.03499826]), array([-9.28035378e-02,  6.35912716e-02,  6.78521842e-02,  4.32177894e-02,
        7.37563986e-03, -6.92624645e-03, -1.81135386e-02, -2.52193846e-02,
        1.88283816e-01, -5.62024489e-02,  2.82754421e-01,  3.17432657e-02,
       -1.62685618e-01, -1.44393027e-01, -3.42418738e-02,  7.11448193e-02,
       -1.05718382e-01, -1.12200089e-01, -1.23434678e-01, -1.39007822e-01,
       -4.27976400e-02,  6.53514341e-02,  5.51067851e-02, -2.71416642e-02,
       -1.22848287e-01, -3.44621152e-01, -4.60328422e-02, -2.05088213e-01,
        5.47638685e-02, -1.36487976e-01, -1.03352237e-02,  5.66777326e-02,
       -2.03943729e-01, -5.01867123e-02, -4.28708829e-02, -4.05318066e-02,
        4.15973626e-02,  6.51642773e-03,  2.05215380e-01,  8.20579454e-02,
       -1.26298323e-01,  3.20133902e-02,  2.43265368e-02,  2.57845640e-01,
        1.60296336e-01,  2.39733178e-02, -3.96221392e-02, -3.48863341e-02,
        4.54861112e-02, -1.46966279e-01,  8.46587420e-02,  1.49605304e-01,
        1.28098324e-01,  6.37290906e-03,  1.17488146e-01, -1.43490508e-01,
       -2.94874720e-02, -4.78818677e-02, -1.47652805e-01,  3.22349444e-02,
        1.38017246e-02, -9.78808664e-03, -7.99401477e-02, -1.31963044e-02,
        1.95582524e-01,  9.40509364e-02,  2.91207805e-04, -1.63606450e-01,
        1.65335074e-01, -1.33147061e-01,  1.34383775e-02,  1.17749408e-01,
       -8.83627981e-02, -1.31040350e-01, -1.80097342e-01,  1.32458985e-01,
        3.60557258e-01,  1.25423580e-01, -1.70097247e-01,  1.02981739e-01,
       -1.66016623e-01, -1.02269165e-01,  2.70613339e-02, -2.85986881e-03,
       -8.52621645e-02,  1.61397308e-02, -7.71070868e-02, -1.67472027e-02,
        1.22766294e-01,  4.04044352e-02, -5.11290804e-02,  1.59578189e-01,
       -5.05321845e-02, -2.77955309e-02,  7.13232011e-02, -1.11569889e-01,
       -1.22446381e-01,  1.78753398e-02, -1.07346028e-01, -7.01479316e-02,
        2.25768425e-02, -7.60749951e-02, -8.43264069e-03,  1.78925954e-02,
       -1.54500097e-01,  3.83770466e-02,  9.23509710e-03, -8.04773569e-02,
        3.86830233e-02,  1.00179210e-01, -8.75619128e-02, -8.15636590e-02,
        1.34812042e-01, -2.47967154e-01,  2.28674814e-01,  6.44265562e-02,
        6.55005276e-02,  1.67215019e-01,  1.02739125e-01,  1.23521134e-01,
       -4.12720181e-02,  4.78605255e-02, -1.05878666e-01, -6.56990409e-02,
        2.04684585e-02, -2.68002115e-02,  4.60779369e-02,  3.40883061e-02]), array([-0.14107332,  0.04941179,  0.01905666,  0.00973184,  0.00369781,
       -0.04981482, -0.01053143, -0.07151463,  0.22802302, -0.07712752,
        0.22610818,  0.01546353, -0.16646174, -0.0946833 , -0.0976679 ,
        0.06634444, -0.08278588, -0.12584107, -0.14000249, -0.13260752,
       -0.01074573,  0.05210862,  0.04598529,  0.00983286, -0.16200791,
       -0.36466476, -0.09339467, -0.16290982,  0.03281394, -0.09555726,
       -0.00157952,  0.05948761, -0.16992553, -0.07597524, -0.01937497,
       -0.00431139,  0.05173725,  0.02641968,  0.22795585,  0.09348015,
       -0.16585539,  0.028819  ,  0.07274905,  0.31293559,  0.14003724,
        0.0581947 , -0.00275795, -0.04739694,  0.12639093, -0.14897785,
        0.08693995,  0.13039237,  0.13746375, -0.00889588,  0.17136323,
       -0.12415299, -0.01390182,  0.02157101, -0.14391422,  0.09441669,
        0.03584594, -0.01431562, -0.06513627, -0.00901323,  0.15224443,
        0.0951382 , -0.01443216, -0.14231454,  0.19268958, -0.16497535,
        0.01797552,  0.10079846, -0.08160418, -0.15721822, -0.23346245,
        0.09594554,  0.41918829,  0.14746222, -0.12937059,  0.08369866,
       -0.10066762, -0.07521448,  0.08137017, -0.00731869, -0.13640028,
        0.02090567, -0.10444713, -0.02063314,  0.18843158,  0.07845302,
       -0.06924674,  0.15124512, -0.0302162 , -0.00520161,  0.06273838,
       -0.03881285, -0.19529212,  0.00978174, -0.12004542, -0.03498823,
        0.06308997, -0.06645986,  0.01523229,  0.02654737, -0.14639792,
        0.05323217, -0.01069205, -0.05818518, -0.00173127,  0.14141609,
       -0.12364513, -0.07058228,  0.12175018, -0.20227739,  0.18841651,
        0.08137262,  0.0395424 ,  0.14916204,  0.119729  ,  0.06627142,
       -0.0191781 ,  0.07699347, -0.08960892, -0.10573265,  0.02039862,
       -0.03938379,  0.08487973,  0.02847033]), array([-0.14770459,  0.08128424,  0.06797631,  0.04240851,  0.00544708,
       -0.02745352,  0.00105431, -0.05309621,  0.15746066, -0.04400366,
        0.25019279,  0.01772837, -0.17267567, -0.1589198 , -0.02428744,
        0.08366007, -0.12500989, -0.14760378, -0.09381665, -0.16800311,
       -0.00304075,  0.03800255,  0.04612261, -0.02425399, -0.16506898,
       -0.36804166, -0.06419594, -0.16007572,  0.01293183, -0.10608878,
        0.00190293,  0.07110032, -0.18051565, -0.03249238, -0.02661416,
        0.00442023,  0.02310585,  0.02653448,  0.17521155,  0.06954422,
       -0.11335319,  0.02601451,  0.07353621,  0.28692269,  0.20073111,
        0.05705625, -0.03790822, -0.01742547,  0.04177471, -0.13486621,
        0.03870188,  0.15041362,  0.12563157,  0.02998279,  0.12959735,
       -0.12165077, -0.01978314, -0.08195356, -0.12743586,  0.00942871,
       -0.01062104, -0.05653885, -0.0494413 , -0.01398338,  0.20993006,
        0.05601139, -0.02767596, -0.12062035,  0.167006  , -0.14052463,
       -0.00814105,  0.10289101, -0.09398668, -0.13715355, -0.2137679 ,
        0.12186   ,  0.40223879,  0.11693679, -0.15378469,  0.08120634,
       -0.11923966, -0.09016976,  0.04707511,  0.02018462, -0.12048465,
        0.0116824 , -0.1115067 , -0.00471744,  0.14867721,  0.03985348,
       -0.07867594,  0.15025125, -0.02603095,  0.01976542,  0.08400555,
       -0.07016802, -0.11874553,  0.03130775, -0.11040819, -0.06853696,
        0.02434453, -0.09799899,  0.00086685,  0.03141075, -0.1189849 ,
        0.04308436,  0.02511798, -0.05011371, -0.02208988,  0.12004378,
       -0.11617899, -0.07538723,  0.0937734 , -0.26169026,  0.19095254,
        0.1224326 ,  0.03617355,  0.16047201,  0.09804232,  0.098479  ,
       -0.05092914,  0.05250821, -0.06387816, -0.06144269,  0.01612266,
       -0.01924648,  0.07093055,  0.04568242]), array([-1.05060272e-01,  9.14858282e-02,  7.65144378e-02,  4.72626723e-02,
        5.03685698e-03, -1.83836408e-02,  9.55818873e-03, -5.04915379e-02,
        1.93927839e-01, -6.18380234e-02,  2.58885086e-01,  1.76005661e-02,
       -1.75467253e-01, -1.53583571e-01, -3.84281650e-02,  7.86784366e-02,
       -1.05132602e-01, -1.35595143e-01, -9.54522341e-02, -1.31632239e-01,
        8.29676911e-03,  4.21746038e-02,  4.15776856e-02, -2.75257677e-02,
       -1.74176395e-01, -3.69059294e-01, -5.21242805e-02, -1.58368841e-01,
        2.35671178e-02, -1.23394266e-01, -4.42462787e-03,  9.62986797e-02,
       -1.85144246e-01, -3.39907892e-02, -4.38539274e-02, -1.16978670e-02,
        4.39640470e-02,  3.66508365e-02,  1.97971165e-01,  9.71782804e-02,
       -1.43133283e-01,  4.33184765e-02,  3.63789164e-02,  2.73349613e-01,
        1.81531683e-01,  3.03241219e-02, -1.88915581e-02, -3.25137526e-02,
        6.21112883e-02, -1.32226482e-01,  4.77728099e-02,  1.51801065e-01,
        1.39610022e-01,  2.46748999e-02,  1.23378038e-01, -1.25018075e-01,
       -3.45984660e-02, -6.31957874e-02, -1.36750638e-01,  2.61364803e-02,
        4.82731033e-03, -5.44714928e-02, -4.38121893e-02,  7.65617704e-03,
        1.73471227e-01,  3.45096365e-02, -1.15498397e-02, -1.14438355e-01,
        1.72363222e-01, -1.27892956e-01,  1.01852259e-02,  1.18156776e-01,
       -8.43781605e-02, -1.30889729e-01, -2.05611438e-01,  1.28229409e-01,
        4.05989945e-01,  1.13059200e-01, -1.65577635e-01,  7.20492452e-02,
       -1.49833798e-01, -1.02122545e-01,  3.66824940e-02,  5.17853443e-03,
       -9.98870730e-02, -6.67536631e-04, -1.04020871e-01, -1.54821202e-04,
        1.54944554e-01,  4.37951535e-02, -5.89272603e-02,  1.65447786e-01,
       -2.10074093e-02,  9.07624140e-03,  5.63458130e-02, -7.57611319e-02,
       -1.34971008e-01,  3.31073590e-02, -9.04180855e-02, -6.87355623e-02,
        1.44377258e-02, -9.85145196e-02, -8.95469170e-03,  3.18458155e-02,
       -1.60204157e-01,  5.84347658e-02,  2.23372392e-02, -6.44743517e-02,
        3.15297674e-03,  1.22994050e-01, -1.02539212e-01, -7.00097084e-02,
        1.00669630e-01, -2.58411109e-01,  1.89853251e-01,  1.00953698e-01,
        4.02067117e-02,  1.58122614e-01,  8.75950381e-02,  9.71936211e-02,
       -4.01124246e-02,  3.29025984e-02, -6.35372102e-02, -7.63287917e-02,
        2.59296447e-02, -2.03409977e-02,  6.05482906e-02,  3.09872851e-02]), array([-1.25815600e-01,  1.12422295e-01,  6.47912025e-02,  1.88462343e-02,
       -2.92086676e-02,  8.76151118e-03, -3.99525613e-02, -3.74808796e-02,
        2.04889506e-01, -8.41780826e-02,  2.46659994e-01,  4.09377106e-02,
       -1.63977399e-01, -1.19065672e-01, -6.33711070e-02,  7.94391260e-02,
       -1.06750399e-01, -1.34574726e-01, -1.13037311e-01, -1.16335548e-01,
       -1.63077172e-02,  3.63059789e-02,  7.75910094e-02, -4.13569137e-02,
       -1.50616243e-01, -3.57848853e-01, -4.95819822e-02, -1.48148939e-01,
        4.58255894e-02, -9.10134912e-02, -2.41416134e-03,  2.92185601e-02,
       -2.11993411e-01, -5.97586073e-02, -3.67496684e-02,  2.22855266e-02,
        8.21393915e-03,  1.14919618e-02,  2.04535529e-01,  4.74022031e-02,
       -1.43221423e-01,  3.52248847e-02,  4.90447618e-02,  2.66550571e-01,
        1.61515221e-01,  6.49507940e-02, -3.78648601e-02, -5.35729490e-02,
        5.59569895e-02, -1.41920969e-01,  9.98702347e-02,  1.50543571e-01,
        9.09673274e-02,  1.68247242e-02,  1.32245675e-01, -1.15595877e-01,
        7.61424378e-03,  4.28332575e-03, -1.42281860e-01, -3.62768769e-04,
        9.25328210e-03, -4.62137908e-03, -6.23472184e-02, -2.08885502e-02,
        2.15579852e-01,  1.26429752e-01,  6.78471895e-03, -1.41482562e-01,
        1.93597153e-01, -1.23533383e-01,  4.70042927e-03,  9.34462324e-02,
       -8.98218453e-02, -1.18072480e-01, -1.99318916e-01,  9.50074643e-02,
        4.11124796e-01,  1.47677109e-01, -1.29484370e-01,  8.74259621e-02,
       -9.98815298e-02, -8.31949860e-02,  6.93214759e-02,  1.81350447e-02,
       -1.18460581e-01,  5.37562743e-03, -6.84485212e-02,  8.45094398e-03,
        1.44378453e-01,  5.20341396e-02, -8.73536393e-02,  1.27253771e-01,
       -4.47554514e-04, -1.18215922e-02,  8.31156597e-02, -1.03774846e-01,
       -1.23435736e-01,  1.86243821e-02, -1.61961526e-01, -7.05951974e-02,
        2.68741287e-02, -4.62879278e-02, -8.20328854e-03,  4.30172794e-02,
       -1.24727920e-01,  2.29956433e-02,  3.18341181e-02, -7.07724094e-02,
        2.85902210e-02,  1.24074034e-01, -9.29407254e-02, -9.20854285e-02,
        1.06671900e-01, -2.26781353e-01,  2.32117012e-01,  7.63546079e-02,
        3.77926677e-02,  1.63341641e-01,  1.35590076e-01,  1.08933546e-01,
       -7.81253818e-03,  6.06387779e-02, -9.49596241e-02, -8.03307369e-02,
        2.65971646e-02, -2.53402125e-02,  1.14136860e-01,  4.80833761e-02]), array([-0.10718504,  0.12362094,  0.05160213,  0.03572766, -0.01104685,
        0.0201894 , -0.04216218, -0.04928103,  0.20727286, -0.06943402,
        0.24232917,  0.02683801, -0.1682623 , -0.13521384, -0.02186776,
        0.09297747, -0.14944723, -0.14808758, -0.12273553, -0.12774177,
       -0.04938455,  0.03917629,  0.06582082, -0.02617002, -0.12816772,
       -0.38081783, -0.04340392, -0.1959229 ,  0.05223336, -0.09524225,
       -0.03744194,  0.02921029, -0.21756601, -0.07232555, -0.04324887,
       -0.00093134,  0.02815524,  0.00491305,  0.1953675 ,  0.04170882,
       -0.12555672,  0.01446215,  0.05829065,  0.26427191,  0.19040705,
        0.04502411, -0.04396952, -0.0208893 ,  0.07138902, -0.1527535 ,
        0.1070198 ,  0.13832182,  0.11971454,  0.04067276,  0.12568025,
       -0.12644503, -0.02292633, -0.03308559, -0.12461302,  0.01518841,
        0.02242761, -0.01145753, -0.06955901, -0.02257402,  0.24379468,
        0.11450824,  0.00559195, -0.13639888,  0.17040823, -0.119484  ,
       -0.00395266,  0.06867102, -0.10298414, -0.11256001, -0.22444563,
        0.11612613,  0.39046267,  0.13924351, -0.16383958,  0.07697882,
       -0.11377712, -0.09232002,  0.0549699 ,  0.0200288 , -0.09966803,
        0.01951758, -0.08241516,  0.00967068,  0.15627398,  0.03639506,
       -0.08042331,  0.1396853 , -0.03528944, -0.01038027,  0.08565864,
       -0.08673564, -0.10638934, -0.0048512 , -0.17409547, -0.06875237,
        0.03583832, -0.04105537, -0.03101375,  0.03707103, -0.1181308 ,
        0.01321302,  0.03537578, -0.06468084,  0.02071307,  0.10796034,
       -0.10513802, -0.10371353,  0.13479804, -0.20637633,  0.22287479,
        0.06922697,  0.04227561,  0.16710918,  0.09793343,  0.11724441,
       -0.03297419,  0.05282518, -0.09962768, -0.08320686,  0.04758168,
        0.003758  ,  0.0844073 ,  0.05893998]), array([-0.10460631,  0.07028248,  0.05684917,  0.03426839,  0.02479836,
       -0.00382112, -0.01330196, -0.04841238,  0.1681549 , -0.0725267 ,
        0.24053937,  0.03479878, -0.15736465, -0.16672662, -0.00104687,
        0.06696184, -0.11027341, -0.13813937, -0.11020492, -0.11569799,
       -0.04034002,  0.04832476,  0.06067775, -0.02200278, -0.12702872,
       -0.3692044 , -0.05121484, -0.18323432,  0.0362268 , -0.07489214,
       -0.02712616,  0.08228083, -0.19876032, -0.04090765, -0.02144628,
        0.01601   ,  0.04053047,  0.04113585,  0.1747538 ,  0.05660603,
       -0.12554187,  0.01757546,  0.03294603,  0.2560252 ,  0.18448709,
        0.03287251, -0.04848731, -0.02607341,  0.06598136, -0.16334705,
        0.09842284,  0.13471824,  0.10953107,  0.03053226,  0.13705668,
       -0.12744102, -0.01316685, -0.06227942, -0.13830119,  0.01995936,
       -0.01043327, -0.03591446, -0.07608806, -0.02477889,  0.20638008,
        0.09347225, -0.00857602, -0.14605339,  0.18784548, -0.13649978,
        0.00614654,  0.09690581, -0.09698404, -0.12224776, -0.21149057,
        0.13778165,  0.35322738,  0.15113221, -0.1704974 ,  0.10148236,
       -0.11986656, -0.08086339,  0.05125919,  0.01446416, -0.0913191 ,
        0.02976745, -0.07509764, -0.00923612,  0.13044374,  0.04449464,
       -0.07622191,  0.16521133, -0.0484531 ,  0.0165377 ,  0.10144233,
       -0.09771983, -0.08546024, -0.00277536, -0.17153285, -0.06248967,
        0.03383736, -0.07606049, -0.01607111,  0.04436401, -0.12248313,
        0.03443543,  0.01074123, -0.05677344,  0.03449666,  0.1061293 ,
       -0.10829117, -0.09512574,  0.10965454, -0.23574334,  0.223663  ,
        0.07322223,  0.06348614,  0.15915157,  0.09770671,  0.10953906,
       -0.03360663,  0.0355344 , -0.10131108, -0.06679952,  0.05560469,
       -0.00900144,  0.03621994,  0.04437041])], 'names': ['Gurvinder Singh', 'Gurvinder Singh', 'Gurvinder Singh', 'Gurvinder Singh', 'Gurvinder Singh', 'Gurvinder Singh', 'Gurvinder Singh', 'Gurvinder Singh', 'Gurvinder Singh', 'Gurvinder Singh', 'Vaibhav Pundir', 'Vaibhav Pundir', 'Vaibhav Pundir', 'Vaibhav Pundir', 'Vaibhav Pundir', 'Vaibhav Pundir', 'Vaibhav Pundir', 'Vaibhav Pundir', 'Vaibhav Pundir', 'Vaibhav Pundir']},)